3845236
1707934
7010142
9880931
6397540
1425616
2716540
2524184
4726490
5904085
6337563
6487476
8703780
9696303
2568104
8101982
1875896
7290545
6496913
6872586
4739972
7450732
7292692
9109030
9859142
4298789
1136503
9829760
2830085
6400353
3519340
2915768
5020259
8780590
5388588
7326340
5917540
3104846
4967705
4579021
6524662
4891007
3951729
1613664
6678367
2827094
8650705
8567527
9789937
8685646
6042248
7646141
1070014
4574920
3085159
4745062
9115009
4323405
1344553
7472194
6161900
6530985
4166228
7688134
4515528
8456148
2687321
3088738
2530883
9490661
8181755
8910146
9382503
3151193
4594458
5264652
7856016
9408692
5012541
8526520
5124963
1267672
3426890
9896270
8241592
8616878
1785309
2399458
3531991
5334466
4919787
7440899
3393078
7916699
3063248
2445667
6388660
4420297
2947898
7998472
3007762
5019152
7062068
7285187
8827725
9881581
4107973
2687184
8197235
3697928
4385633
3788332
8756097
1569506
3786978
2366557
5270673
7038393
4670835
2725115
2300955
9690552
5964905
5445930
8665611
6890246
3761165
5238321
6893477
3299822
8625100
9931052
4311685
9488759
2789067
4366163
6587959
6954910
7568042
1385296
8210248
3032853
3287617
2244847
7317187
8736140
5476341
1055096
3117293
2307699
9223905
6095378
3603176
8746403
9979411
8985612
4237298
3937004
9861169
6381959
4420440
6537234
4617146
9232885
5998343
9586564
6551970
3042007
3782797
3281107
1480741
7301646
8606923
2242484
4255779
8241062
2383118
4875705
7289306
6048698
5453669
9372521
5070727
6921146
2349117
6805709
1812576
6337396
4423968
2319690
1378618
5512069
7701084
1720604
8493115
9648409
6968238
4242053
3050374
6584690
8385773
9817054
1987962
6653254
5979709
6182619
2918644
2382020
1692896
9892549
3881557
9331040
5390485
7124260
1181946
2607892
3240754
5486012
4696733
9036058
9272585
5925815
5829318
1721592
1480601
4704369
6859212
6047531
5302588
3249372
4847426
8845133
5918503
6791959
1274842
6523244
4630824
6349558
2898975
9182423
6327606
2117311
9838458
4067807
4287452
7465209
7892457
7753509
4176945
6051139
8472012
7701274
3105068
8569595
9844516
2620605
4323052
6703559
5146100
1819504
3847411
5773258
9287164
3634181
3637702
6538221
3154202
3427235
6463295
4613141
7424749
5062163
2990602
3078440
4417514
8274416
9339115
9032231
3092322
4086901
3248961
9913307
5093260
8324722
8671539
4729494
6003579
2514606
7031468
3554460
1125514
4203856
1702895
6562909
4851962
4125504
7606642
7952535
1430921
8266704
5276710
8845272
8470829
5998722
2622109
4276060
7533892
9346976
3465975
7848134
1237318
6284247
6573650
3596582
6791866
9932431
9967205
8255920
5295675
3690230
9481411
9020325
5488059
1204603
2268453
9670787
2531749
3995790
7402417
8238105
4982640
3135990
8375600
3716739
3183397
7451008
6641327
9823061
6038146
2973618
4923975
9484297
2787296
6678348
7890856
2130449
4671350
1655639
3917182
4022162
6649432
3672037
2891944
3475001
8918265
1713209
8189441
6378819
1109945
5344025
4557841
1624818
6542779
1349807
5538611
9702931
8983361
4600397
3204457
2048068
9674393
7179801
1289290
1106274
3775433
2045701
3903515
3645014
5857529
4200959
3676917
1219363
3828470
4090661
8864903
6637380
2360130
3349152
8432604
1079190
6335073
9177661
8253133
4165265
6925713
4156146
3578690
5590683
5275980
5272691
4998848
3154658
5088223
4469855
5015535
4146772
7699062
6567754
2559959
6625654
1598189
8191100
3190933
5607729
5102427
7632655
6542909
7809688
8048067
9459435
1608218
5625942
3456607
7563598
4338402
2188161
7647564
9094209
2547644
8231540
7402509
6290213
7500806
5818580
8021306
9446584
4480421
5799105
7454002
7380833
3828210
2894344
7007683
9081589
4526910
5586366
3458219
6841568
9503579
9689062
2280173
2806304
5495913
5218736
5645877
8021340
8172565
4245939
4492085
3239954
4505530
1262612
8268872
1873648
5300454
5953653
4562467
6547351
2672208
1521193
5064897
7972457
4090575
3305732
1752450
4403380
3594466
6413837
4052259
6551946
6477653
3668318
5390186
8012130
1989036
3271746
4660831
2807863
7198265
9646831
9465791
4130935
8127644
8925981
1518320
6367814
3789365
3909380
3692145
2016615
9118564
5894599
2906750
2636105
1435376
5885115
3715318
3320820
5993642
3543797
2630738
4135292
5185647
8325086
3512840
1296339
7905852
1859599
2291005
2218726
7213565
1567382
3177320
1295633
5897010
6195573
8358354
5577617
5033693
2508027
7817805
2460284
2489763
4417343
1033097
4711647
3136716
6429009
5562141
2032125
9115576
6971576
3080962
3380242
6361775
6567695
2437569
4762324
3822132
8207257
9549276
3726158
4541038
1610045
4178365
7663648
6737847
7374132
4940941
6849948
4570957
7199243
4597212
6172493
9764329
3598767
6314214
9183883
5310963
4794854
4241707
8879863
4807373
9335763
4699619
9361344
8379466
7674380
4169029
9051924
2945935
9938314
9112101
5763784
2434060
3189460
9869769
4529307
4013411
3055670
6059953
2884149
9729649
5728970
5622433
9386651
1075831
1514638
5419662
3603467
9098899
2359930
1162050
1983410
3914106
1827116
8033835
4236570
2587703
1885731
2649465
8622617
3787695
3680797
1459771
4840092
7062799
5251338
2895514
3325457
9922933
3872823
7409467
9224321
6480296
3186290
4660282
5619252
9770369
7718529
6576582
1286584
7556788
3613181
9573452
5594502
4198800
5467099
6863023
8803537
1760716
3458727
1981592
3419427
7223725
9839189
3224319
2534546
7598181
1829430
6948102
4261859
5866509
9941206
7146001
2449443
9775394
5092813
2973475
7677892
6415569
5575879
2016614
4458798
1807309
3105547
6020752
5540556
6278023
2610157
9984310
7716883
9305647
8441876
1880511
9927089
7334895
8265633
5984452
5862788
2240235
4261532
5022966
7760540
5540070
9861900
2291161
5210426
2844980
9317238
6878324
9462877
3166904
6351856
4065984
2930508
6494773
3290116
6850049
4267099
3986065
8228295
8572131
3810868
4304328
1099428
1479416
3710773
9321088
4964786
2503898
5611435
6134909
3582416
6394671
9348593
7530760
3480025
7236907
7318365
8789198
5633072
9117923
2523313
9833240
1749650
6143722
3605045
5362855
6875320
1949944
7674675
7382603
9947352
4476990
9962803
9323824
7959866
8746983
9270872
4375041
1828958
4929299
5872818
2167211
7552908
7573979
4938943
4739967
7828464
8473321
5795679
3993521
3926438
9411875
7685691
6952190
3785123
9546933
1531826
2944212
8309972
2186397
6043592
6064852
9420221
4543413
6047103
1468401
4596028
3757363
5150280
8035852
8509923
3635094
7088782
5896209
7589033
5643991
3720013
1438806
2044357
5599465
8647191
3148464
4727909
3474314
5548393
7602940
6579843
5155780
4418419
5485053
2868542
8795956
6238234
1374145
6706039
2470211
4543481
6280093
5144027
9879636
2640891
8207551
4215621
8643624
8166239
7478799
7206751
6035201
5485739
2218544
1990654
2249191
3919197
8829648
3692470
5641819
2183316
6262058
9981713
5362155
5045974
6413280
9086641
9578114
2256902
8650671
8324906
5731213
9417056
5614724
2560540
9241370
2017615
5091219
5579262
6608348
4492378
7363081
1483641
2616042
5806882
4601474
8768727
9771832
8088553
3699760
8432247
5735565
6532020
4745346
9391580
4498262
5313456
1429517
8567407
9910667
2943788
4906156
6449347
6746239
5117764
9965896
1390088
4060454
7240403
4774142
3727603
6985205
6148251
4323818
8168909
6013841
9788338
5955918
5229383
9622867
8095630
1615146
1367667
8924123
7445792
9665760
1841965
7307161
4781685
9378220
8135012
3406741
5796346
9245326
3874958
4920541
2585356
5007782
8643284
8099447
3364512
6962645
6498368
9161520
6755249
2751430
4214191
7616196
8362271
3546339
9077287
2263100
9634931
7004652
6278122
9245407
4956314
2450697
4652215
8224902
2970719
7040653
6362790
6725318
6249570
3539471
5291830
7276031
4795466
1364941
3100140
8809312
2825978
3412181
4159776
2425350
3650463
8010135
8971176
1797354
9858663
7440704
4125966
5167219
4174968
7346760
8822953
1421967
2970320
7504437
5542674
1837179
8641142
6786823
6515348
3175687
6872261
7569943
9977193
2558913
6410382
9175090
7824362
4034306
3370641
3896156
2570869
4731591
4575304
1279844
2272996
8168375
1703257
9561291
5799259
2717305
4783785
8308644
1374075
1740765
8640306
3286578
8875360
8355635
3599314
3570639
3632857
1125677
8037119
4775427
7743901
7439399
5025765
1362842
3743578
2193134
9413596
8595964
2006223
2672722
3988145
